{
 "cells": [
  {
   "cell_type": "code",
   "execution_count": 1,
   "id": "7b6752c4-b069-4b20-87bd-4b5fe7c47712",
   "metadata": {},
   "outputs": [],
   "source": [
    "import torch"
   ]
  },
  {
   "cell_type": "code",
   "execution_count": 4,
   "id": "1db242c7-d512-4477-8eb4-72d51781293a",
   "metadata": {},
   "outputs": [],
   "source": [
    "x = torch.randn(20, 2, 3)\n",
    "y = torch.randn(20, 2)"
   ]
  },
  {
   "cell_type": "code",
   "execution_count": 8,
   "id": "6acd38d1-5c7d-4eb5-aaf6-94787b665bfe",
   "metadata": {},
   "outputs": [],
   "source": [
    "z = x * y [..., None]"
   ]
  },
  {
   "cell_type": "code",
   "execution_count": 13,
   "id": "0b956ff2-0177-4267-b25f-69b3a54f23e0",
   "metadata": {},
   "outputs": [],
   "source": [
    "z = torch.permute(z, (2, 0, 1))"
   ]
  },
  {
   "cell_type": "code",
   "execution_count": 23,
   "id": "b2516699-356e-4ba5-a0e2-be4fdf12234d",
   "metadata": {},
   "outputs": [
    {
     "data": {
      "text/plain": [
       "tensor([[1.0000, 0.7330, 0.7301, 0.5627, 0.5227, 0.7554, 0.7758, 0.5971, 0.6453,\n",
       "         0.8851, 0.8827, 0.5812, 0.6824, 0.6405, 0.6914, 0.7413, 0.6104, 0.4212,\n",
       "         0.9032, 0.8981],\n",
       "        [0.7330, 1.0000, 0.6280, 0.6124, 0.5738, 0.6218, 0.6648, 0.5298, 0.5260,\n",
       "         0.6671, 0.6800, 0.5479, 0.5560, 0.5216, 0.5466, 0.6157, 0.4550, 0.3844,\n",
       "         0.7655, 0.6714],\n",
       "        [0.7301, 0.6280, 1.0000, 0.4663, 0.4275, 0.8350, 0.6944, 0.5392, 0.6198,\n",
       "         0.7644, 0.6598, 0.6517, 0.6917, 0.6852, 0.7512, 0.7634, 0.6309, 0.3982,\n",
       "         0.6596, 0.7660],\n",
       "        [0.5627, 0.6124, 0.4663, 1.0000, 0.3940, 0.4812, 0.4745, 0.4908, 0.5008,\n",
       "         0.5447, 0.5563, 0.5664, 0.4835, 0.4861, 0.4471, 0.5093, 0.4062, 0.2887,\n",
       "         0.5814, 0.5362],\n",
       "        [0.5227, 0.5738, 0.4275, 0.3940, 1.0000, 0.4599, 0.4954, 0.3882, 0.3874,\n",
       "         0.4769, 0.5238, 0.4283, 0.3947, 0.3317, 0.3479, 0.4459, 0.3844, 0.3848,\n",
       "         0.5242, 0.4842],\n",
       "        [0.7554, 0.6218, 0.8350, 0.4812, 0.4599, 1.0000, 0.7202, 0.5930, 0.5937,\n",
       "         0.8350, 0.7138, 0.6188, 0.7310, 0.6494, 0.6877, 0.7611, 0.6314, 0.3981,\n",
       "         0.7104, 0.8291],\n",
       "        [0.7758, 0.6648, 0.6944, 0.4745, 0.4954, 0.7202, 1.0000, 0.6396, 0.5217,\n",
       "         0.7757, 0.7631, 0.6111, 0.5858, 0.5685, 0.6288, 0.6872, 0.5618, 0.5582,\n",
       "         0.8104, 0.7920],\n",
       "        [0.5971, 0.5298, 0.5392, 0.4908, 0.3882, 0.5930, 0.6396, 1.0000, 0.4767,\n",
       "         0.6368, 0.6801, 0.3781, 0.5582, 0.5608, 0.5862, 0.6326, 0.5398, 0.4665,\n",
       "         0.6705, 0.6291],\n",
       "        [0.6453, 0.5260, 0.6198, 0.5008, 0.3874, 0.5937, 0.5217, 0.4767, 1.0000,\n",
       "         0.6758, 0.6155, 0.5257, 0.5309, 0.7599, 0.6207, 0.5659, 0.6823, 0.3451,\n",
       "         0.5933, 0.6623],\n",
       "        [0.8851, 0.6671, 0.7644, 0.5447, 0.4769, 0.8350, 0.7757, 0.6368, 0.6758,\n",
       "         1.0000, 0.8322, 0.5784, 0.7185, 0.6512, 0.7009, 0.7512, 0.6420, 0.4120,\n",
       "         0.8368, 0.9710],\n",
       "        [0.8827, 0.6800, 0.6598, 0.5563, 0.5238, 0.7138, 0.7631, 0.6801, 0.6155,\n",
       "         0.8322, 1.0000, 0.5421, 0.6235, 0.6067, 0.6333, 0.6913, 0.6300, 0.4530,\n",
       "         0.8366, 0.8436],\n",
       "        [0.5812, 0.5479, 0.6517, 0.5664, 0.4283, 0.6188, 0.6111, 0.3781, 0.5257,\n",
       "         0.5784, 0.5421, 1.0000, 0.5374, 0.4998, 0.5077, 0.5050, 0.5443, 0.3976,\n",
       "         0.5209, 0.5881],\n",
       "        [0.6824, 0.5560, 0.6917, 0.4835, 0.3947, 0.7310, 0.5858, 0.5582, 0.5309,\n",
       "         0.7185, 0.6235, 0.5374, 1.0000, 0.5287, 0.6107, 0.6776, 0.5108, 0.2864,\n",
       "         0.6313, 0.7044],\n",
       "        [0.6405, 0.5216, 0.6852, 0.4861, 0.3317, 0.6494, 0.5685, 0.5608, 0.7599,\n",
       "         0.6512, 0.6067, 0.4998, 0.5287, 1.0000, 0.7583, 0.7214, 0.5958, 0.3596,\n",
       "         0.5675, 0.6510],\n",
       "        [0.6914, 0.5466, 0.7512, 0.4471, 0.3479, 0.6877, 0.6288, 0.5862, 0.6207,\n",
       "         0.7009, 0.6333, 0.5077, 0.6107, 0.7583, 1.0000, 0.8142, 0.5659, 0.3630,\n",
       "         0.6092, 0.7031],\n",
       "        [0.7413, 0.6157, 0.7634, 0.5093, 0.4459, 0.7611, 0.6872, 0.6326, 0.5659,\n",
       "         0.7512, 0.6913, 0.5050, 0.6776, 0.7214, 0.8142, 1.0000, 0.5538, 0.3723,\n",
       "         0.6887, 0.7473],\n",
       "        [0.6104, 0.4550, 0.6309, 0.4062, 0.3844, 0.6314, 0.5618, 0.5398, 0.6823,\n",
       "         0.6420, 0.6300, 0.5443, 0.5108, 0.5958, 0.5659, 0.5538, 1.0000, 0.5448,\n",
       "         0.5562, 0.6550],\n",
       "        [0.4212, 0.3844, 0.3982, 0.2887, 0.3848, 0.3981, 0.5582, 0.4665, 0.3451,\n",
       "         0.4120, 0.4530, 0.3976, 0.2864, 0.3596, 0.3630, 0.3723, 0.5448, 1.0000,\n",
       "         0.4480, 0.4246],\n",
       "        [0.9032, 0.7655, 0.6596, 0.5814, 0.5242, 0.7104, 0.8104, 0.6705, 0.5933,\n",
       "         0.8368, 0.8366, 0.5209, 0.6313, 0.5675, 0.6092, 0.6887, 0.5562, 0.4480,\n",
       "         1.0000, 0.8466],\n",
       "        [0.8981, 0.6714, 0.7660, 0.5362, 0.4842, 0.8291, 0.7920, 0.6291, 0.6623,\n",
       "         0.9710, 0.8436, 0.5881, 0.7044, 0.6510, 0.7031, 0.7473, 0.6550, 0.4246,\n",
       "         0.8466, 1.0000]])"
      ]
     },
     "execution_count": 23,
     "metadata": {},
     "output_type": "execute_result"
    }
   ],
   "source": [
    "torch.exp(-0.5*torch.cdist(z, z)).mean(dim=0)"
   ]
  },
  {
   "cell_type": "code",
   "execution_count": null,
   "id": "2224d0b7-3054-4310-849e-ba693561f40a",
   "metadata": {},
   "outputs": [],
   "source": []
  }
 ],
 "metadata": {
  "kernelspec": {
   "display_name": "Python 3 (ipykernel)",
   "language": "python",
   "name": "python3"
  },
  "language_info": {
   "codemirror_mode": {
    "name": "ipython",
    "version": 3
   },
   "file_extension": ".py",
   "mimetype": "text/x-python",
   "name": "python",
   "nbconvert_exporter": "python",
   "pygments_lexer": "ipython3",
   "version": "3.12.3"
  }
 },
 "nbformat": 4,
 "nbformat_minor": 5
}
