{
 "cells": [
  {
   "cell_type": "code",
   "execution_count": 1,
   "id": "7b6752c4-b069-4b20-87bd-4b5fe7c47712",
   "metadata": {},
   "outputs": [],
   "source": [
    "import torch"
   ]
  },
  {
   "cell_type": "code",
   "execution_count": 21,
   "id": "1db242c7-d512-4477-8eb4-72d51781293a",
   "metadata": {},
   "outputs": [],
   "source": [
    "x = torch.randn(2, 10, 2)\n",
    "y = torch.randn(2, 10)"
   ]
  },
  {
   "cell_type": "code",
   "execution_count": 70,
   "id": "926ae812-8ccc-4064-8213-b9ad3d916dae",
   "metadata": {},
   "outputs": [
    {
     "data": {
      "text/plain": [
       "tensor([[-0.0818, -1.2972, -0.4690,  0.7602, -0.6529,  0.5660, -1.3568,  0.7873,\n",
       "          0.7186,  0.3805],\n",
       "        [-0.0163,  0.3446, -0.1056, -2.3197,  0.1394, -0.1652, -0.3473, -2.2373,\n",
       "         -0.1673,  1.9963]])"
      ]
     },
     "execution_count": 70,
     "metadata": {},
     "output_type": "execute_result"
    }
   ],
   "source": [
    "y"
   ]
  },
  {
   "cell_type": "code",
   "execution_count": 93,
   "id": "f25179ec-8c7b-4196-8fe0-a1dc43672869",
   "metadata": {},
   "outputs": [
    {
     "data": {
      "text/plain": [
       "torch.Size([2, 10])"
      ]
     },
     "execution_count": 93,
     "metadata": {},
     "output_type": "execute_result"
    }
   ],
   "source": [
    "(0.01 * torch.randn(x.size()[:-1])).shape"
   ]
  },
  {
   "cell_type": "code",
   "execution_count": 87,
   "id": "769b5504-a8a9-470e-b66d-2db15f07c35c",
   "metadata": {},
   "outputs": [],
   "source": [
    "l=y.unsqueeze(2).repeat(1, 1, 5)"
   ]
  },
  {
   "cell_type": "code",
   "execution_count": 89,
   "id": "854bb06a-87a3-43df-a499-018339a291db",
   "metadata": {},
   "outputs": [
    {
     "data": {
      "text/plain": [
       "tensor([[-0.0818, -0.0818, -0.0818, -0.0818, -0.0818, -1.2972, -1.2972, -1.2972,\n",
       "         -1.2972, -1.2972, -0.4690, -0.4690, -0.4690, -0.4690, -0.4690,  0.7602,\n",
       "          0.7602,  0.7602,  0.7602,  0.7602, -0.6529, -0.6529, -0.6529, -0.6529,\n",
       "         -0.6529,  0.5660,  0.5660,  0.5660,  0.5660,  0.5660, -1.3568, -1.3568,\n",
       "         -1.3568, -1.3568, -1.3568,  0.7873,  0.7873,  0.7873,  0.7873,  0.7873,\n",
       "          0.7186,  0.7186,  0.7186,  0.7186,  0.7186,  0.3805,  0.3805,  0.3805,\n",
       "          0.3805,  0.3805],\n",
       "        [-0.0163, -0.0163, -0.0163, -0.0163, -0.0163,  0.3446,  0.3446,  0.3446,\n",
       "          0.3446,  0.3446, -0.1056, -0.1056, -0.1056, -0.1056, -0.1056, -2.3197,\n",
       "         -2.3197, -2.3197, -2.3197, -2.3197,  0.1394,  0.1394,  0.1394,  0.1394,\n",
       "          0.1394, -0.1652, -0.1652, -0.1652, -0.1652, -0.1652, -0.3473, -0.3473,\n",
       "         -0.3473, -0.3473, -0.3473, -2.2373, -2.2373, -2.2373, -2.2373, -2.2373,\n",
       "         -0.1673, -0.1673, -0.1673, -0.1673, -0.1673,  1.9963,  1.9963,  1.9963,\n",
       "          1.9963,  1.9963]])"
      ]
     },
     "execution_count": 89,
     "metadata": {},
     "output_type": "execute_result"
    }
   ],
   "source": [
    "l.reshape(l.size(0), -1)"
   ]
  },
  {
   "cell_type": "code",
   "execution_count": 26,
   "id": "fefaeacd-e9dd-46fe-a6af-0ba2613a3b41",
   "metadata": {},
   "outputs": [
    {
     "data": {
      "text/plain": [
       "torch.Size([2, 10, 5, 2])"
      ]
     },
     "execution_count": 26,
     "metadata": {},
     "output_type": "execute_result"
    }
   ],
   "source": [
    "a = x.unsqueeze(2).expand(-1, -1, 5, -1)\n",
    "a.shape"
   ]
  },
  {
   "cell_type": "code",
   "execution_count": 49,
   "id": "3531fd46-2947-487e-9990-19f823784644",
   "metadata": {},
   "outputs": [
    {
     "data": {
      "text/plain": [
       "tensor([[[[-0.3610, -0.4261],\n",
       "          [-0.3610, -0.4261],\n",
       "          [-0.3610, -0.4261],\n",
       "          [-0.3610, -0.4261],\n",
       "          [-0.3610, -0.4261]],\n",
       "\n",
       "         [[-1.5209, -0.3781],\n",
       "          [-1.5209, -0.3781],\n",
       "          [-1.5209, -0.3781],\n",
       "          [-1.5209, -0.3781],\n",
       "          [-1.5209, -0.3781]],\n",
       "\n",
       "         [[ 1.4344, -1.4839],\n",
       "          [ 1.4344, -1.4839],\n",
       "          [ 1.4344, -1.4839],\n",
       "          [ 1.4344, -1.4839],\n",
       "          [ 1.4344, -1.4839]],\n",
       "\n",
       "         [[ 1.1517, -0.9763],\n",
       "          [ 1.1517, -0.9763],\n",
       "          [ 1.1517, -0.9763],\n",
       "          [ 1.1517, -0.9763],\n",
       "          [ 1.1517, -0.9763]],\n",
       "\n",
       "         [[-0.4574,  0.1320],\n",
       "          [-0.4574,  0.1320],\n",
       "          [-0.4574,  0.1320],\n",
       "          [-0.4574,  0.1320],\n",
       "          [-0.4574,  0.1320]],\n",
       "\n",
       "         [[ 0.8202,  0.1509],\n",
       "          [ 0.8202,  0.1509],\n",
       "          [ 0.8202,  0.1509],\n",
       "          [ 0.8202,  0.1509],\n",
       "          [ 0.8202,  0.1509]],\n",
       "\n",
       "         [[-2.4004, -0.3327],\n",
       "          [-2.4004, -0.3327],\n",
       "          [-2.4004, -0.3327],\n",
       "          [-2.4004, -0.3327],\n",
       "          [-2.4004, -0.3327]],\n",
       "\n",
       "         [[-1.9423, -0.9165],\n",
       "          [-1.9423, -0.9165],\n",
       "          [-1.9423, -0.9165],\n",
       "          [-1.9423, -0.9165],\n",
       "          [-1.9423, -0.9165]],\n",
       "\n",
       "         [[ 0.1310, -0.7585],\n",
       "          [ 0.1310, -0.7585],\n",
       "          [ 0.1310, -0.7585],\n",
       "          [ 0.1310, -0.7585],\n",
       "          [ 0.1310, -0.7585]],\n",
       "\n",
       "         [[-0.7856, -1.7451],\n",
       "          [-0.7856, -1.7451],\n",
       "          [-0.7856, -1.7451],\n",
       "          [-0.7856, -1.7451],\n",
       "          [-0.7856, -1.7451]]],\n",
       "\n",
       "\n",
       "        [[[ 0.3419, -0.5520],\n",
       "          [ 0.3419, -0.5520],\n",
       "          [ 0.3419, -0.5520],\n",
       "          [ 0.3419, -0.5520],\n",
       "          [ 0.3419, -0.5520]],\n",
       "\n",
       "         [[ 0.3962,  0.2049],\n",
       "          [ 0.3962,  0.2049],\n",
       "          [ 0.3962,  0.2049],\n",
       "          [ 0.3962,  0.2049],\n",
       "          [ 0.3962,  0.2049]],\n",
       "\n",
       "         [[ 0.7431,  2.2901],\n",
       "          [ 0.7431,  2.2901],\n",
       "          [ 0.7431,  2.2901],\n",
       "          [ 0.7431,  2.2901],\n",
       "          [ 0.7431,  2.2901]],\n",
       "\n",
       "         [[-0.1426, -0.0699],\n",
       "          [-0.1426, -0.0699],\n",
       "          [-0.1426, -0.0699],\n",
       "          [-0.1426, -0.0699],\n",
       "          [-0.1426, -0.0699]],\n",
       "\n",
       "         [[ 1.0491, -2.2233],\n",
       "          [ 1.0491, -2.2233],\n",
       "          [ 1.0491, -2.2233],\n",
       "          [ 1.0491, -2.2233],\n",
       "          [ 1.0491, -2.2233]],\n",
       "\n",
       "         [[ 0.3139, -1.4884],\n",
       "          [ 0.3139, -1.4884],\n",
       "          [ 0.3139, -1.4884],\n",
       "          [ 0.3139, -1.4884],\n",
       "          [ 0.3139, -1.4884]],\n",
       "\n",
       "         [[-1.1254,  1.6867],\n",
       "          [-1.1254,  1.6867],\n",
       "          [-1.1254,  1.6867],\n",
       "          [-1.1254,  1.6867],\n",
       "          [-1.1254,  1.6867]],\n",
       "\n",
       "         [[-0.4040, -1.4539],\n",
       "          [-0.4040, -1.4539],\n",
       "          [-0.4040, -1.4539],\n",
       "          [-0.4040, -1.4539],\n",
       "          [-0.4040, -1.4539]],\n",
       "\n",
       "         [[-0.3834,  0.2317],\n",
       "          [-0.3834,  0.2317],\n",
       "          [-0.3834,  0.2317],\n",
       "          [-0.3834,  0.2317],\n",
       "          [-0.3834,  0.2317]],\n",
       "\n",
       "         [[ 0.0505, -0.4335],\n",
       "          [ 0.0505, -0.4335],\n",
       "          [ 0.0505, -0.4335],\n",
       "          [ 0.0505, -0.4335],\n",
       "          [ 0.0505, -0.4335]]]])"
      ]
     },
     "execution_count": 49,
     "metadata": {},
     "output_type": "execute_result"
    }
   ],
   "source": [
    "a"
   ]
  },
  {
   "cell_type": "code",
   "execution_count": 60,
   "id": "692f67d4-3d70-4574-ac69-6c59490f0b6c",
   "metadata": {},
   "outputs": [],
   "source": [
    "b = torch.empty(a.size())\n",
    "for i in range(x.size(0)):\n",
    "    points = x[i]\n",
    "    for j, p in enumerate(points):\n",
    "        dist = points.add(-p).pow(2).sum(dim=1)\n",
    "        knn_indices = dist.topk(5, largest=False, sorted=False)[1]\n",
    "        knn_points = points.gather(0, knn_indices.unsqueeze(-1).repeat(1,2))\n",
    "        b[i][j] = knn_points - p"
   ]
  },
  {
   "cell_type": "code",
   "execution_count": 65,
   "id": "e7be94e0-c66e-4bfa-8923-8cb3dbcfc0e5",
   "metadata": {},
   "outputs": [
    {
     "data": {
      "text/plain": [
       "tensor([[[[-0.3610, -0.4261,  0.4920, -0.3324],\n",
       "          [-0.3610, -0.4261, -0.0963,  0.5582],\n",
       "          [-0.3610, -0.4261,  0.0000,  0.0000],\n",
       "          [-0.3610, -0.4261, -1.1599,  0.0480],\n",
       "          [-0.3610, -0.4261,  1.1813,  0.5770]],\n",
       "\n",
       "         [[-1.5209, -0.3781, -0.4214, -0.5384],\n",
       "          [-1.5209, -0.3781,  0.0000,  0.0000],\n",
       "          [-1.5209, -0.3781, -0.8795,  0.0454],\n",
       "          [-1.5209, -0.3781,  1.1599, -0.0480],\n",
       "          [-1.5209, -0.3781,  1.0635,  0.5101]],\n",
       "\n",
       "         [[ 1.4344, -1.4839, -0.6142,  1.6348],\n",
       "          [ 1.4344, -1.4839, -1.3034,  0.7254],\n",
       "          [ 1.4344, -1.4839,  0.0000,  0.0000],\n",
       "          [ 1.4344, -1.4839, -0.2827,  0.5076],\n",
       "          [ 1.4344, -1.4839, -1.7954,  1.0578]],\n",
       "\n",
       "         [[ 1.1517, -0.9763, -1.0207,  0.2178],\n",
       "          [ 1.1517, -0.9763,  0.0000,  0.0000],\n",
       "          [ 1.1517, -0.9763,  0.2827, -0.5076],\n",
       "          [ 1.1517, -0.9763, -0.3314,  1.1272],\n",
       "          [ 1.1517, -0.9763, -1.5127,  0.5502]],\n",
       "\n",
       "         [[-0.4574,  0.1320,  0.5884, -0.8905],\n",
       "          [-0.4574,  0.1320,  0.0000,  0.0000],\n",
       "          [-0.4574,  0.1320,  0.0963, -0.5582],\n",
       "          [-0.4574,  0.1320, -1.0635, -0.5101],\n",
       "          [-0.4574,  0.1320,  1.2776,  0.0188]],\n",
       "\n",
       "         [[ 0.8202,  0.1509,  0.3314, -1.1272],\n",
       "          [ 0.8202,  0.1509, -0.6893, -0.9094],\n",
       "          [ 0.8202,  0.1509,  0.0000,  0.0000],\n",
       "          [ 0.8202,  0.1509, -1.2776, -0.0188],\n",
       "          [ 0.8202,  0.1509, -1.1813, -0.5770]],\n",
       "\n",
       "         [[-2.4004, -0.3327,  0.4581, -0.5838],\n",
       "          [-2.4004, -0.3327,  0.0000,  0.0000],\n",
       "          [-2.4004, -0.3327,  1.9431,  0.4647],\n",
       "          [-2.4004, -0.3327,  0.8795, -0.0454],\n",
       "          [-2.4004, -0.3327,  2.0394, -0.0934]],\n",
       "\n",
       "         [[-1.9423, -0.9165,  1.1567, -0.8286],\n",
       "          [-1.9423, -0.9165,  0.4214,  0.5384],\n",
       "          [-1.9423, -0.9165,  0.0000,  0.0000],\n",
       "          [-1.9423, -0.9165, -0.4581,  0.5838],\n",
       "          [-1.9423, -0.9165,  1.5813,  0.4903]],\n",
       "\n",
       "         [[ 0.1310, -0.7585,  1.0207, -0.2178],\n",
       "          [ 0.1310, -0.7585, -0.4920,  0.3324],\n",
       "          [ 0.1310, -0.7585,  0.0000,  0.0000],\n",
       "          [ 0.1310, -0.7585, -0.5884,  0.8905],\n",
       "          [ 0.1310, -0.7585,  0.6893,  0.9094]],\n",
       "\n",
       "         [[-0.7856, -1.7451,  0.4246,  1.3190],\n",
       "          [-0.7856, -1.7451,  0.9166,  0.9866],\n",
       "          [-0.7856, -1.7451,  0.0000,  0.0000],\n",
       "          [-0.7856, -1.7451, -1.1567,  0.8286],\n",
       "          [-0.7856, -1.7451, -0.7353,  1.3670]]],\n",
       "\n",
       "\n",
       "        [[[ 0.3419, -0.5520,  0.0543,  0.7569],\n",
       "          [ 0.3419, -0.5520,  0.0000,  0.0000],\n",
       "          [ 0.3419, -0.5520, -0.2914,  0.1185],\n",
       "          [ 0.3419, -0.5520, -0.4845,  0.4821],\n",
       "          [ 0.3419, -0.5520, -0.0279, -0.9364]],\n",
       "\n",
       "         [[ 0.3962,  0.2049, -0.3457, -0.6384],\n",
       "          [ 0.3962,  0.2049,  0.0000,  0.0000],\n",
       "          [ 0.3962,  0.2049, -0.5388, -0.2748],\n",
       "          [ 0.3962,  0.2049, -0.0543, -0.7569],\n",
       "          [ 0.3962,  0.2049, -0.7796,  0.0268]],\n",
       "\n",
       "         [[ 0.7431,  2.2901, -0.3469, -2.0852],\n",
       "          [ 0.7431,  2.2901, -1.8685, -0.6035],\n",
       "          [ 0.7431,  2.2901,  0.0000,  0.0000],\n",
       "          [ 0.7431,  2.2901, -1.1265, -2.0584],\n",
       "          [ 0.7431,  2.2901, -0.8857, -2.3601]],\n",
       "\n",
       "         [[-0.1426, -0.0699,  0.5388,  0.2748],\n",
       "          [-0.1426, -0.0699,  0.1931, -0.3635],\n",
       "          [-0.1426, -0.0699, -0.2408,  0.3016],\n",
       "          [-0.1426, -0.0699,  0.0000,  0.0000],\n",
       "          [-0.1426, -0.0699,  0.4845, -0.4821]],\n",
       "\n",
       "         [[ 1.0491, -2.2233, -1.4531,  0.7694],\n",
       "          [ 1.0491, -2.2233,  0.0000,  0.0000],\n",
       "          [ 1.0491, -2.2233, -0.7352,  0.7349],\n",
       "          [ 1.0491, -2.2233, -0.7072,  1.6713],\n",
       "          [ 1.0491, -2.2233, -0.9986,  1.7898]],\n",
       "\n",
       "         [[ 0.3139, -1.4884,  0.0279,  0.9364],\n",
       "          [ 0.3139, -1.4884,  0.0000,  0.0000],\n",
       "          [ 0.3139, -1.4884, -0.7180,  0.0345],\n",
       "          [ 0.3139, -1.4884,  0.7352, -0.7349],\n",
       "          [ 0.3139, -1.4884, -0.2634,  1.0549]],\n",
       "\n",
       "         [[-1.1254,  1.6867,  0.9828, -1.7566],\n",
       "          [-1.1254,  1.6867,  0.0000,  0.0000],\n",
       "          [-1.1254,  1.6867,  1.8685,  0.6035],\n",
       "          [-1.1254,  1.6867,  0.7419, -1.4550],\n",
       "          [-1.1254,  1.6867,  1.5216, -1.4817]],\n",
       "\n",
       "         [[-0.4040, -1.4539,  0.4545,  1.0204],\n",
       "          [-0.4040, -1.4539,  0.0000,  0.0000],\n",
       "          [-0.4040, -1.4539,  0.7180, -0.0345],\n",
       "          [-0.4040, -1.4539,  0.7459,  0.9019],\n",
       "          [-0.4040, -1.4539,  0.2614,  1.3839]],\n",
       "\n",
       "         [[-0.3834,  0.2317,  0.4339, -0.6652],\n",
       "          [-0.3834,  0.2317,  0.7796, -0.0268],\n",
       "          [-0.3834,  0.2317,  0.0000,  0.0000],\n",
       "          [-0.3834,  0.2317,  0.2408, -0.3016],\n",
       "          [-0.3834,  0.2317,  0.7253, -0.7837]],\n",
       "\n",
       "         [[ 0.0505, -0.4335,  0.3457,  0.6384],\n",
       "          [ 0.0505, -0.4335,  0.2914, -0.1185],\n",
       "          [ 0.0505, -0.4335,  0.0000,  0.0000],\n",
       "          [ 0.0505, -0.4335, -0.1931,  0.3635],\n",
       "          [ 0.0505, -0.4335, -0.4339,  0.6652]]]])"
      ]
     },
     "execution_count": 65,
     "metadata": {},
     "output_type": "execute_result"
    }
   ],
   "source": [
    "c= torch.concat((a,b), dim=3)\n",
    "c"
   ]
  },
  {
   "cell_type": "code",
   "execution_count": 69,
   "id": "b840f6c1-921c-4b0b-b194-5f8745fa0f7c",
   "metadata": {},
   "outputs": [
    {
     "data": {
      "text/plain": [
       "torch.Size([2, 50, 4])"
      ]
     },
     "execution_count": 69,
     "metadata": {},
     "output_type": "execute_result"
    }
   ],
   "source": [
    "c.reshape(c.size(0), c.size(1)*c.size(2), c.size(-1)).shape"
   ]
  },
  {
   "cell_type": "code",
   "execution_count": 8,
   "id": "6acd38d1-5c7d-4eb5-aaf6-94787b665bfe",
   "metadata": {},
   "outputs": [],
   "source": [
    "z = x * y [..., None]"
   ]
  },
  {
   "cell_type": "code",
   "execution_count": 13,
   "id": "0b956ff2-0177-4267-b25f-69b3a54f23e0",
   "metadata": {},
   "outputs": [],
   "source": [
    "z = torch.permute(z, (2, 0, 1))"
   ]
  },
  {
   "cell_type": "code",
   "execution_count": 23,
   "id": "b2516699-356e-4ba5-a0e2-be4fdf12234d",
   "metadata": {},
   "outputs": [
    {
     "data": {
      "text/plain": [
       "tensor([[1.0000, 0.7330, 0.7301, 0.5627, 0.5227, 0.7554, 0.7758, 0.5971, 0.6453,\n",
       "         0.8851, 0.8827, 0.5812, 0.6824, 0.6405, 0.6914, 0.7413, 0.6104, 0.4212,\n",
       "         0.9032, 0.8981],\n",
       "        [0.7330, 1.0000, 0.6280, 0.6124, 0.5738, 0.6218, 0.6648, 0.5298, 0.5260,\n",
       "         0.6671, 0.6800, 0.5479, 0.5560, 0.5216, 0.5466, 0.6157, 0.4550, 0.3844,\n",
       "         0.7655, 0.6714],\n",
       "        [0.7301, 0.6280, 1.0000, 0.4663, 0.4275, 0.8350, 0.6944, 0.5392, 0.6198,\n",
       "         0.7644, 0.6598, 0.6517, 0.6917, 0.6852, 0.7512, 0.7634, 0.6309, 0.3982,\n",
       "         0.6596, 0.7660],\n",
       "        [0.5627, 0.6124, 0.4663, 1.0000, 0.3940, 0.4812, 0.4745, 0.4908, 0.5008,\n",
       "         0.5447, 0.5563, 0.5664, 0.4835, 0.4861, 0.4471, 0.5093, 0.4062, 0.2887,\n",
       "         0.5814, 0.5362],\n",
       "        [0.5227, 0.5738, 0.4275, 0.3940, 1.0000, 0.4599, 0.4954, 0.3882, 0.3874,\n",
       "         0.4769, 0.5238, 0.4283, 0.3947, 0.3317, 0.3479, 0.4459, 0.3844, 0.3848,\n",
       "         0.5242, 0.4842],\n",
       "        [0.7554, 0.6218, 0.8350, 0.4812, 0.4599, 1.0000, 0.7202, 0.5930, 0.5937,\n",
       "         0.8350, 0.7138, 0.6188, 0.7310, 0.6494, 0.6877, 0.7611, 0.6314, 0.3981,\n",
       "         0.7104, 0.8291],\n",
       "        [0.7758, 0.6648, 0.6944, 0.4745, 0.4954, 0.7202, 1.0000, 0.6396, 0.5217,\n",
       "         0.7757, 0.7631, 0.6111, 0.5858, 0.5685, 0.6288, 0.6872, 0.5618, 0.5582,\n",
       "         0.8104, 0.7920],\n",
       "        [0.5971, 0.5298, 0.5392, 0.4908, 0.3882, 0.5930, 0.6396, 1.0000, 0.4767,\n",
       "         0.6368, 0.6801, 0.3781, 0.5582, 0.5608, 0.5862, 0.6326, 0.5398, 0.4665,\n",
       "         0.6705, 0.6291],\n",
       "        [0.6453, 0.5260, 0.6198, 0.5008, 0.3874, 0.5937, 0.5217, 0.4767, 1.0000,\n",
       "         0.6758, 0.6155, 0.5257, 0.5309, 0.7599, 0.6207, 0.5659, 0.6823, 0.3451,\n",
       "         0.5933, 0.6623],\n",
       "        [0.8851, 0.6671, 0.7644, 0.5447, 0.4769, 0.8350, 0.7757, 0.6368, 0.6758,\n",
       "         1.0000, 0.8322, 0.5784, 0.7185, 0.6512, 0.7009, 0.7512, 0.6420, 0.4120,\n",
       "         0.8368, 0.9710],\n",
       "        [0.8827, 0.6800, 0.6598, 0.5563, 0.5238, 0.7138, 0.7631, 0.6801, 0.6155,\n",
       "         0.8322, 1.0000, 0.5421, 0.6235, 0.6067, 0.6333, 0.6913, 0.6300, 0.4530,\n",
       "         0.8366, 0.8436],\n",
       "        [0.5812, 0.5479, 0.6517, 0.5664, 0.4283, 0.6188, 0.6111, 0.3781, 0.5257,\n",
       "         0.5784, 0.5421, 1.0000, 0.5374, 0.4998, 0.5077, 0.5050, 0.5443, 0.3976,\n",
       "         0.5209, 0.5881],\n",
       "        [0.6824, 0.5560, 0.6917, 0.4835, 0.3947, 0.7310, 0.5858, 0.5582, 0.5309,\n",
       "         0.7185, 0.6235, 0.5374, 1.0000, 0.5287, 0.6107, 0.6776, 0.5108, 0.2864,\n",
       "         0.6313, 0.7044],\n",
       "        [0.6405, 0.5216, 0.6852, 0.4861, 0.3317, 0.6494, 0.5685, 0.5608, 0.7599,\n",
       "         0.6512, 0.6067, 0.4998, 0.5287, 1.0000, 0.7583, 0.7214, 0.5958, 0.3596,\n",
       "         0.5675, 0.6510],\n",
       "        [0.6914, 0.5466, 0.7512, 0.4471, 0.3479, 0.6877, 0.6288, 0.5862, 0.6207,\n",
       "         0.7009, 0.6333, 0.5077, 0.6107, 0.7583, 1.0000, 0.8142, 0.5659, 0.3630,\n",
       "         0.6092, 0.7031],\n",
       "        [0.7413, 0.6157, 0.7634, 0.5093, 0.4459, 0.7611, 0.6872, 0.6326, 0.5659,\n",
       "         0.7512, 0.6913, 0.5050, 0.6776, 0.7214, 0.8142, 1.0000, 0.5538, 0.3723,\n",
       "         0.6887, 0.7473],\n",
       "        [0.6104, 0.4550, 0.6309, 0.4062, 0.3844, 0.6314, 0.5618, 0.5398, 0.6823,\n",
       "         0.6420, 0.6300, 0.5443, 0.5108, 0.5958, 0.5659, 0.5538, 1.0000, 0.5448,\n",
       "         0.5562, 0.6550],\n",
       "        [0.4212, 0.3844, 0.3982, 0.2887, 0.3848, 0.3981, 0.5582, 0.4665, 0.3451,\n",
       "         0.4120, 0.4530, 0.3976, 0.2864, 0.3596, 0.3630, 0.3723, 0.5448, 1.0000,\n",
       "         0.4480, 0.4246],\n",
       "        [0.9032, 0.7655, 0.6596, 0.5814, 0.5242, 0.7104, 0.8104, 0.6705, 0.5933,\n",
       "         0.8368, 0.8366, 0.5209, 0.6313, 0.5675, 0.6092, 0.6887, 0.5562, 0.4480,\n",
       "         1.0000, 0.8466],\n",
       "        [0.8981, 0.6714, 0.7660, 0.5362, 0.4842, 0.8291, 0.7920, 0.6291, 0.6623,\n",
       "         0.9710, 0.8436, 0.5881, 0.7044, 0.6510, 0.7031, 0.7473, 0.6550, 0.4246,\n",
       "         0.8466, 1.0000]])"
      ]
     },
     "execution_count": 23,
     "metadata": {},
     "output_type": "execute_result"
    }
   ],
   "source": [
    "torch.exp(-0.5*torch.cdist(z, z)).mean(dim=0)"
   ]
  },
  {
   "cell_type": "code",
   "execution_count": 3,
   "id": "2224d0b7-3054-4310-849e-ba693561f40a",
   "metadata": {},
   "outputs": [
    {
     "data": {
      "text/plain": [
       "tensor(3.1416)"
      ]
     },
     "execution_count": 3,
     "metadata": {},
     "output_type": "execute_result"
    }
   ],
   "source": [
    "torch.tensor(torch.pi)"
   ]
  },
  {
   "cell_type": "code",
   "execution_count": 1,
   "id": "facd37da-b922-48ae-a541-3edafe2db007",
   "metadata": {},
   "outputs": [],
   "source": [
    "from create_data_dgcn_cc import Circ as cc"
   ]
  },
  {
   "cell_type": "code",
   "execution_count": 2,
   "id": "45aff8d5-8eae-4c3d-943f-1717cbebe027",
   "metadata": {},
   "outputs": [],
   "source": [
    "data_instance = cc(0.4, 0.4, 0.2, 26)"
   ]
  },
  {
   "cell_type": "code",
   "execution_count": 3,
   "id": "c1fb6b0f-29d3-491b-b9af-e736ddea3cd4",
   "metadata": {},
   "outputs": [],
   "source": [
    "fpc, pc, lp, tc, lt = data_instance.create_dataset(5, 1, [100], [0.2], 10)"
   ]
  },
  {
   "cell_type": "code",
   "execution_count": 4,
   "id": "14b0ca87-b0a1-4e64-a4c0-0d784b870ac7",
   "metadata": {},
   "outputs": [
    {
     "data": {
      "text/plain": [
       "(5, 224, 2)"
      ]
     },
     "execution_count": 4,
     "metadata": {},
     "output_type": "execute_result"
    }
   ],
   "source": [
    "fpc.shape"
   ]
  },
  {
   "cell_type": "code",
   "execution_count": 5,
   "id": "4c3b17ca-0b5b-4c36-b17c-fe707dda3927",
   "metadata": {},
   "outputs": [
    {
     "data": {
      "text/plain": [
       "(5, 56, 2)"
      ]
     },
     "execution_count": 5,
     "metadata": {},
     "output_type": "execute_result"
    }
   ],
   "source": [
    "pc.shape"
   ]
  },
  {
   "cell_type": "code",
   "execution_count": 6,
   "id": "3025547b-7ac9-4bfa-bac1-6e5499cdcefd",
   "metadata": {},
   "outputs": [
    {
     "data": {
      "text/plain": [
       "(1, 56, 2)"
      ]
     },
     "execution_count": 6,
     "metadata": {},
     "output_type": "execute_result"
    }
   ],
   "source": [
    "tc.shape"
   ]
  },
  {
   "cell_type": "code",
   "execution_count": null,
   "id": "61bcf470-b95c-499c-8c50-79ff1b6a3306",
   "metadata": {},
   "outputs": [],
   "source": []
  }
 ],
 "metadata": {
  "kernelspec": {
   "display_name": "Python 3 (ipykernel)",
   "language": "python",
   "name": "python3"
  },
  "language_info": {
   "codemirror_mode": {
    "name": "ipython",
    "version": 3
   },
   "file_extension": ".py",
   "mimetype": "text/x-python",
   "name": "python",
   "nbconvert_exporter": "python",
   "pygments_lexer": "ipython3",
   "version": "3.11.6"
  }
 },
 "nbformat": 4,
 "nbformat_minor": 5
}
