{
 "cells": [
  {
   "cell_type": "code",
   "execution_count": 1,
   "id": "9f0ac3df-7ea4-49eb-870f-a273e451671e",
   "metadata": {},
   "outputs": [],
   "source": [
    "from create_data import DumbCirc as dc\n",
    "from labelsq import LabeledSUQ as lsq\n",
    "import matplotlib\n",
    "import matplotlib.pyplot as plt"
   ]
  },
  {
   "cell_type": "code",
   "execution_count": 2,
   "id": "af8a33da-7250-4812-b735-282b95c9901e",
   "metadata": {},
   "outputs": [],
   "source": [
    "data_instance = dc(0.5, 0.5, 0.25, 22)\n",
    "fc, nc, pc, l, tc, lt = data_instance.create_dataset(50, 2, [50], [0.2], True)"
   ]
  },
  {
   "cell_type": "code",
   "execution_count": 3,
   "id": "f4efc306-cfad-424d-befe-7d3a298102f9",
   "metadata": {},
   "outputs": [],
   "source": [
    "import torch\n",
    "torch.manual_seed(22)\n",
    "fc, pc, l, tc, lt = torch.tensor(fc), torch.tensor(pc), torch.tensor(l), torch.tensor(tc), torch.tensor(lt)"
   ]
  },
  {
   "cell_type": "code",
   "execution_count": 4,
   "id": "2b9ec20f-6db0-460f-840b-8000b26727c7",
   "metadata": {},
   "outputs": [],
   "source": [
    "model = lsq(point_cloud=fc, partial_cloud=pc, test_partial=tc, train_labels=l, mapping_dim=6, count_labels=2)"
   ]
  },
  {
   "cell_type": "code",
   "execution_count": 5,
   "id": "6193567b-fbc7-48d1-b861-ba8591f47045",
   "metadata": {},
   "outputs": [],
   "source": [
    "use_cuda = torch.cuda.is_available()\n",
    "#device = torch.device(\"cuda\" if use_cuda else \"cpu\")\n",
    "device = \"cpu\"\n",
    "model.set_device(device)"
   ]
  },
  {
   "cell_type": "code",
   "execution_count": 6,
   "id": "1fb298cb-5616-420c-8a0e-c7ea0b01dc81",
   "metadata": {},
   "outputs": [],
   "source": [
    "model.set_test_data(tc, lt)"
   ]
  },
  {
   "cell_type": "code",
   "execution_count": 7,
   "id": "bdfaf80e-4092-4f42-a202-a6535fde2e86",
   "metadata": {},
   "outputs": [
    {
     "name": "stderr",
     "output_type": "stream",
     "text": [
      "C:\\Users\\Acer\\Documents\\All_of_RWTH\\ThesisTarget\\1MYWORK\\thesis_notebooks\\labelsq.py:160: UserWarning: The use of `x.T` on tensors of dimension other than 2 to reverse their shape is deprecated and it will throw an error in a future release. Consider `x.mT` to transpose batches of matrices or `x.permute(*torch.arange(x.ndim - 1, -1, -1))` to reverse the dimensions of a tensor. (Triggered internally at C:\\cb\\pytorch_1000000000000\\work\\aten\\src\\ATen\\native\\TensorShape.cpp:3679.)\n",
      "  + posterior_mean.T @ torch.linalg.inv(posterior_var) @ posterior_mean)\n"
     ]
    },
    {
     "name": "stdout",
     "output_type": "stream",
     "text": [
      "tensor([[1.0000e+00, 4.4075e-06, 1.8151e-01,  ..., 9.7104e-06, 2.5584e-04,\n",
      "         2.0231e-05],\n",
      "        [4.4075e-06, 1.0000e+00, 2.6443e-10,  ..., 6.9552e-01, 5.8077e-07,\n",
      "         2.4940e-05],\n",
      "        [1.8151e-01, 2.6443e-10, 1.0000e+00,  ..., 7.7272e-10, 6.3288e-06,\n",
      "         2.8971e-08],\n",
      "        ...,\n",
      "        [9.7104e-06, 6.9552e-01, 7.7271e-10,  ..., 1.0000e+00, 1.5404e-06,\n",
      "         9.6998e-05],\n",
      "        [2.5584e-04, 5.8077e-07, 6.3288e-06,  ..., 1.5404e-06, 1.0000e+00,\n",
      "         1.7038e-01],\n",
      "        [2.0231e-05, 2.4940e-05, 2.8971e-08,  ..., 9.6998e-05, 1.7038e-01,\n",
      "         1.0000e+00]], grad_fn=<ExpBackward0>)\n",
      "tensor([[1.0000e+00, 1.5521e-02, 2.3632e-01,  ..., 7.8456e-04, 8.4849e-10,\n",
      "         4.6858e-10],\n",
      "        [1.5521e-02, 1.0000e+00, 4.2329e-04,  ..., 4.5759e-01, 2.2158e-10,\n",
      "         3.6661e-09],\n",
      "        [2.3632e-01, 4.2329e-04, 1.0000e+00,  ..., 4.0561e-05, 6.2260e-09,\n",
      "         8.5481e-10],\n",
      "        ...,\n",
      "        [7.8456e-04, 4.5759e-01, 4.0561e-05,  ..., 1.0000e+00, 1.3663e-09,\n",
      "         5.1803e-08],\n",
      "        [8.4849e-10, 2.2158e-10, 6.2260e-09,  ..., 1.3663e-09, 1.0000e+00,\n",
      "         4.1561e-01],\n",
      "        [4.6858e-10, 3.6661e-09, 8.5481e-10,  ..., 5.1803e-08, 4.1561e-01,\n",
      "         1.0000e+00]], grad_fn=<ExpBackward0>)\n",
      "tensor([[1.0000e+00, 1.3588e-02, 4.3432e-01,  ..., 1.1151e-03, 3.8000e-10,\n",
      "         9.5552e-11],\n",
      "        [1.3588e-02, 1.0000e+00, 5.4623e-04,  ..., 5.3540e-01, 1.0999e-08,\n",
      "         2.2374e-08],\n",
      "        [4.3432e-01, 5.4623e-04, 1.0000e+00,  ..., 6.0315e-05, 2.5280e-09,\n",
      "         3.7785e-10],\n",
      "        ...,\n",
      "        [1.1151e-03, 5.3540e-01, 6.0315e-05,  ..., 1.0000e+00, 3.2927e-07,\n",
      "         1.3408e-06],\n",
      "        [3.8000e-10, 1.0999e-08, 2.5280e-09,  ..., 3.2927e-07, 1.0000e+00,\n",
      "         6.2963e-01],\n",
      "        [9.5552e-11, 2.2374e-08, 3.7785e-10,  ..., 1.3408e-06, 6.2963e-01,\n",
      "         1.0000e+00]], grad_fn=<ExpBackward0>)\n",
      "tensor([[1.0000e+00, 1.8246e-04, 2.7648e-01,  ..., 4.3316e-05, 2.8270e-07,\n",
      "         8.4060e-08],\n",
      "        [1.8246e-04, 1.0000e+00, 1.5966e-07,  ..., 5.5494e-01, 3.0651e-10,\n",
      "         9.1393e-09],\n",
      "        [2.7648e-01, 1.5966e-07, 1.0000e+00,  ..., 5.8422e-08, 1.8916e-06,\n",
      "         1.3602e-07],\n",
      "        ...,\n",
      "        [4.3316e-05, 5.5494e-01, 5.8422e-08,  ..., 1.0000e+00, 1.8586e-08,\n",
      "         8.4139e-07],\n",
      "        [2.8270e-07, 3.0651e-10, 1.8916e-06,  ..., 1.8586e-08, 1.0000e+00,\n",
      "         4.3770e-01],\n",
      "        [8.4060e-08, 9.1393e-09, 1.3602e-07,  ..., 8.4139e-07, 4.3770e-01,\n",
      "         1.0000e+00]], grad_fn=<ExpBackward0>)\n",
      "tensor([[1.0000e+00, 1.5948e-05, 1.7131e-01,  ..., 5.6341e-06, 8.3386e-06,\n",
      "         1.3011e-06],\n",
      "        [1.5948e-05, 1.0000e+00, 1.2914e-09,  ..., 6.5569e-01, 5.6413e-09,\n",
      "         1.1178e-06],\n",
      "        [1.7131e-01, 1.2914e-09, 1.0000e+00,  ..., 6.0051e-10, 1.2878e-05,\n",
      "         1.2155e-07],\n",
      "        ...,\n",
      "        [5.6341e-06, 6.5569e-01, 6.0051e-10,  ..., 1.0000e+00, 1.4057e-07,\n",
      "         3.3779e-05],\n",
      "        [8.3386e-06, 5.6413e-09, 1.2878e-05,  ..., 1.4057e-07, 1.0000e+00,\n",
      "         2.5888e-01],\n",
      "        [1.3011e-06, 1.1178e-06, 1.2155e-07,  ..., 3.3779e-05, 2.5888e-01,\n",
      "         1.0000e+00]], grad_fn=<ExpBackward0>)\n",
      "Epoch:0, Loss: 5.249672985076904\n",
      "tensor([[1.0000e+00, 3.3526e-06, 1.9212e-01,  ..., 7.8259e-07, 8.3896e-04,\n",
      "         1.6159e-05],\n",
      "        [3.3526e-06, 1.0000e+00, 1.3343e-10,  ..., 6.1351e-01, 6.2896e-06,\n",
      "         8.9417e-05],\n",
      "        [1.9212e-01, 1.3343e-10, 1.0000e+00,  ..., 2.9244e-11, 5.1550e-05,\n",
      "         1.3661e-07],\n",
      "        ...,\n",
      "        [7.8259e-07, 6.1351e-01, 2.9244e-11,  ..., 1.0000e+00, 4.1306e-05,\n",
      "         9.6488e-04],\n",
      "        [8.3896e-04, 6.2896e-06, 5.1550e-05,  ..., 4.1306e-05, 1.0000e+00,\n",
      "         3.6231e-01],\n",
      "        [1.6159e-05, 8.9417e-05, 1.3661e-07,  ..., 9.6488e-04, 3.6231e-01,\n",
      "         1.0000e+00]], grad_fn=<ExpBackward0>)\n",
      "tensor([[1.0000e+00, 1.1054e-05, 3.1203e-01,  ..., 2.0158e-06, 2.4452e-04,\n",
      "         2.0145e-06],\n",
      "        [1.1054e-05, 1.0000e+00, 4.5181e-09,  ..., 4.8878e-01, 1.8956e-04,\n",
      "         8.3327e-04],\n",
      "        [3.1203e-01, 4.5182e-09, 1.0000e+00,  ..., 1.1441e-09, 1.3637e-05,\n",
      "         2.4083e-08],\n",
      "        ...,\n",
      "        [2.0158e-06, 4.8878e-01, 1.1441e-09,  ..., 1.0000e+00, 2.5243e-03,\n",
      "         2.0740e-02],\n",
      "        [2.4452e-04, 1.8956e-04, 1.3637e-05,  ..., 2.5243e-03, 1.0000e+00,\n",
      "         3.5330e-01],\n",
      "        [2.0145e-06, 8.3327e-04, 2.4083e-08,  ..., 2.0740e-02, 3.5330e-01,\n",
      "         1.0000e+00]], grad_fn=<ExpBackward0>)\n",
      "tensor([[1.0000e+00, 2.4464e-05, 3.9924e-01,  ..., 2.1593e-06, 4.1342e-04,\n",
      "         2.3138e-06],\n",
      "        [2.4464e-05, 1.0000e+00, 3.6406e-08,  ..., 5.0430e-01, 1.6538e-03,\n",
      "         4.8422e-03],\n",
      "        [3.9924e-01, 3.6406e-08, 1.0000e+00,  ..., 3.5257e-09, 2.5408e-05,\n",
      "         3.3431e-08],\n",
      "        ...,\n",
      "        [2.1593e-06, 5.0430e-01, 3.5257e-09,  ..., 1.0000e+00, 8.9811e-03,\n",
      "         6.2385e-02],\n",
      "        [4.1342e-04, 1.6538e-03, 2.5408e-05,  ..., 8.9811e-03, 1.0000e+00,\n",
      "         3.2243e-01],\n",
      "        [2.3138e-06, 4.8422e-03, 3.3431e-08,  ..., 6.2385e-02, 3.2243e-01,\n",
      "         1.0000e+00]], grad_fn=<ExpBackward0>)\n",
      "tensor([[1.0000e+00, 1.5109e-05, 3.4734e-01,  ..., 1.0679e-06, 3.9226e-04,\n",
      "         2.9738e-06],\n",
      "        [1.5109e-05, 1.0000e+00, 8.9159e-09,  ..., 4.4237e-01, 5.8968e-04,\n",
      "         4.3508e-03],\n",
      "        [3.4734e-01, 8.9159e-09, 1.0000e+00,  ..., 6.3758e-10, 2.0493e-05,\n",
      "         2.0812e-08],\n",
      "        ...,\n",
      "        [1.0679e-06, 4.4237e-01, 6.3758e-10,  ..., 1.0000e+00, 3.3661e-03,\n",
      "         5.9166e-02],\n",
      "        [3.9226e-04, 5.8968e-04, 2.0493e-05,  ..., 3.3661e-03, 1.0000e+00,\n",
      "         2.8161e-01],\n",
      "        [2.9738e-06, 4.3508e-03, 2.0812e-08,  ..., 5.9166e-02, 2.8161e-01,\n",
      "         1.0000e+00]], grad_fn=<ExpBackward0>)\n",
      "tensor([[1.0000e+00, 1.1260e-05, 3.6415e-01,  ..., 6.4341e-07, 1.0911e-04,\n",
      "         1.0990e-06],\n",
      "        [1.1260e-05, 1.0000e+00, 7.5829e-09,  ..., 4.0987e-01, 2.7721e-04,\n",
      "         2.8767e-03],\n",
      "        [3.6415e-01, 7.5829e-09, 1.0000e+00,  ..., 4.4219e-10, 6.2184e-06,\n",
      "         8.4223e-09],\n",
      "        ...,\n",
      "        [6.4341e-07, 4.0987e-01, 4.4219e-10,  ..., 1.0000e+00, 2.4459e-03,\n",
      "         5.2178e-02],\n",
      "        [1.0911e-04, 2.7721e-04, 6.2184e-06,  ..., 2.4459e-03, 1.0000e+00,\n",
      "         2.9018e-01],\n",
      "        [1.0990e-06, 2.8767e-03, 8.4223e-09,  ..., 5.2179e-02, 2.9018e-01,\n",
      "         1.0000e+00]], grad_fn=<ExpBackward0>)\n",
      "Epoch:1, Loss: 6.294854946136475\n",
      "tensor([[1.0000e+00, 2.5432e-06, 3.4917e-01,  ..., 9.8683e-08, 1.4315e-04,\n",
      "         4.0525e-07],\n",
      "        [2.5432e-06, 1.0000e+00, 9.3619e-10,  ..., 4.9169e-01, 7.0906e-04,\n",
      "         8.8706e-03],\n",
      "        [3.4917e-01, 9.3619e-10, 1.0000e+00,  ..., 2.9918e-11, 3.4808e-06,\n",
      "         9.8025e-10],\n",
      "        ...,\n",
      "        [9.8683e-08, 4.9169e-01, 2.9918e-11,  ..., 1.0000e+00, 2.4488e-03,\n",
      "         7.0810e-02],\n",
      "        [1.4315e-04, 7.0906e-04, 3.4808e-06,  ..., 2.4488e-03, 1.0000e+00,\n",
      "         2.2486e-01],\n",
      "        [4.0525e-07, 8.8706e-03, 9.8026e-10,  ..., 7.0810e-02, 2.2486e-01,\n",
      "         1.0000e+00]], grad_fn=<ExpBackward0>)\n",
      "tensor([[1.0000e+00, 8.3725e-06, 2.9199e-01,  ..., 3.5761e-07, 4.7696e-05,\n",
      "         5.5189e-07],\n",
      "        [8.3725e-06, 1.0000e+00, 1.7425e-09,  ..., 4.7600e-01, 2.6885e-05,\n",
      "         8.1004e-04],\n",
      "        [2.9199e-01, 1.7425e-09, 1.0000e+00,  ..., 5.3721e-11, 2.1843e-06,\n",
      "         1.9348e-09],\n",
      "        ...,\n",
      "        [3.5761e-07, 4.7600e-01, 5.3721e-11,  ..., 1.0000e+00, 1.6995e-04,\n",
      "         1.0598e-02],\n",
      "        [4.7696e-05, 2.6885e-05, 2.1843e-06,  ..., 1.6995e-04, 1.0000e+00,\n",
      "         2.3650e-01],\n",
      "        [5.5189e-07, 8.1004e-04, 1.9348e-09,  ..., 1.0598e-02, 2.3650e-01,\n",
      "         1.0000e+00]], grad_fn=<ExpBackward0>)\n",
      "tensor([[1.0000e+00, 3.5667e-05, 3.5075e-01,  ..., 1.2646e-06, 8.9956e-06,\n",
      "         2.0703e-07],\n",
      "        [3.5667e-05, 1.0000e+00, 2.6850e-08,  ..., 4.4305e-01, 2.5615e-05,\n",
      "         4.8134e-04],\n",
      "        [3.5075e-01, 2.6850e-08, 1.0000e+00,  ..., 7.3768e-10, 7.8173e-07,\n",
      "         2.0616e-09],\n",
      "        ...,\n",
      "        [1.2646e-06, 4.4305e-01, 7.3769e-10,  ..., 1.0000e+00, 2.5507e-04,\n",
      "         9.2196e-03],\n",
      "        [8.9956e-06, 2.5615e-05, 7.8173e-07,  ..., 2.5507e-04, 1.0000e+00,\n",
      "         2.9640e-01],\n",
      "        [2.0703e-07, 4.8134e-04, 2.0616e-09,  ..., 9.2196e-03, 2.9640e-01,\n",
      "         1.0000e+00]], grad_fn=<ExpBackward0>)\n",
      "tensor([[1.0000e+00, 7.9880e-05, 4.5519e-01,  ..., 2.5072e-06, 3.2065e-06,\n",
      "         4.9854e-08],\n",
      "        [7.9880e-05, 1.0000e+00, 2.1018e-07,  ..., 4.5613e-01, 1.8794e-04,\n",
      "         1.0430e-03],\n",
      "        [4.5519e-01, 2.1018e-07, 1.0000e+00,  ..., 4.7308e-09, 1.6083e-07,\n",
      "         4.5082e-10],\n",
      "        ...,\n",
      "        [2.5072e-06, 4.5613e-01, 4.7308e-09,  ..., 1.0000e+00, 1.7240e-03,\n",
      "         1.8617e-02],\n",
      "        [3.2065e-06, 1.8794e-04, 1.6083e-07,  ..., 1.7240e-03, 1.0000e+00,\n",
      "         3.6382e-01],\n",
      "        [4.9853e-08, 1.0430e-03, 4.5082e-10,  ..., 1.8617e-02, 3.6382e-01,\n",
      "         1.0000e+00]], grad_fn=<ExpBackward0>)\n",
      "tensor([[1.0000e+00, 1.0978e-04, 5.6026e-01,  ..., 2.9061e-06, 2.1714e-06,\n",
      "         2.1901e-08],\n",
      "        [1.0978e-04, 1.0000e+00, 7.7109e-07,  ..., 4.9318e-01, 1.3471e-03,\n",
      "         2.7787e-03],\n",
      "        [5.6026e-01, 7.7108e-07, 1.0000e+00,  ..., 1.2974e-08, 7.6298e-08,\n",
      "         2.0172e-10],\n",
      "        ...,\n",
      "        [2.9061e-06, 4.9318e-01, 1.2974e-08,  ..., 1.0000e+00, 7.4244e-03,\n",
      "         3.3521e-02],\n",
      "        [2.1714e-06, 1.3471e-03, 7.6298e-08,  ..., 7.4244e-03, 1.0000e+00,\n",
      "         4.2417e-01],\n",
      "        [2.1901e-08, 2.7787e-03, 2.0172e-10,  ..., 3.3521e-02, 4.2417e-01,\n",
      "         1.0000e+00]], grad_fn=<ExpBackward0>)\n",
      "Epoch:2, Loss: 6.502175106048584\n",
      "tensor([[1.0000e+00, 1.0971e-04, 5.9462e-01,  ..., 2.9268e-06, 2.8063e-06,\n",
      "         2.2734e-08],\n",
      "        [1.0971e-04, 1.0000e+00, 1.0117e-06,  ..., 5.0973e-01, 3.4565e-03,\n",
      "         5.1626e-03],\n",
      "        [5.9462e-01, 1.0117e-06, 1.0000e+00,  ..., 1.5873e-08, 7.2799e-08,\n",
      "         1.7142e-10],\n",
      "        ...,\n",
      "        [2.9268e-06, 5.0973e-01, 1.5873e-08,  ..., 1.0000e+00, 1.7655e-02,\n",
      "         5.9020e-02],\n",
      "        [2.8063e-06, 3.4565e-03, 7.2799e-08,  ..., 1.7655e-02, 1.0000e+00,\n",
      "         4.4598e-01],\n",
      "        [2.2734e-08, 5.1626e-03, 1.7142e-10,  ..., 5.9020e-02, 4.4598e-01,\n",
      "         1.0000e+00]], grad_fn=<ExpBackward0>)\n",
      "tensor([[1.0000e+00, 1.5025e-04, 6.0733e-01,  ..., 2.9053e-06, 2.9756e-06,\n",
      "         2.0964e-08],\n",
      "        [1.5025e-04, 1.0000e+00, 1.7012e-06,  ..., 4.9593e-01, 6.7738e-03,\n",
      "         6.4709e-03],\n",
      "        [6.0733e-01, 1.7012e-06, 1.0000e+00,  ..., 1.8180e-08, 7.3350e-08,\n",
      "         1.6417e-10],\n",
      "        ...,\n",
      "        [2.9053e-06, 4.9593e-01, 1.8180e-08,  ..., 1.0000e+00, 3.2884e-02,\n",
      "         7.9903e-02],\n",
      "        [2.9756e-06, 6.7738e-03, 7.3350e-08,  ..., 3.2884e-02, 1.0000e+00,\n",
      "         4.7100e-01],\n",
      "        [2.0964e-08, 6.4709e-03, 1.6417e-10,  ..., 7.9903e-02, 4.7100e-01,\n",
      "         1.0000e+00]], grad_fn=<ExpBackward0>)\n",
      "tensor([[1.0000e+00, 2.0689e-04, 6.2377e-01,  ..., 3.0414e-06, 2.5301e-06,\n",
      "         1.5723e-08],\n",
      "        [2.0689e-04, 1.0000e+00, 2.9213e-06,  ..., 4.8491e-01, 1.4780e-02,\n",
      "         9.3148e-03],\n",
      "        [6.2377e-01, 2.9213e-06, 1.0000e+00,  ..., 2.1854e-08, 4.7876e-08,\n",
      "         1.0214e-10],\n",
      "        ...,\n",
      "        [3.0414e-06, 4.8491e-01, 2.1854e-08,  ..., 1.0000e+00, 6.8241e-02,\n",
      "         1.1553e-01],\n",
      "        [2.5301e-06, 1.4780e-02, 4.7876e-08,  ..., 6.8241e-02, 1.0000e+00,\n",
      "         4.9018e-01],\n",
      "        [1.5723e-08, 9.3148e-03, 1.0214e-10,  ..., 1.1553e-01, 4.9018e-01,\n",
      "         1.0000e+00]], grad_fn=<ExpBackward0>)\n",
      "tensor([[1.0000e+00, 3.8642e-04, 6.5353e-01,  ..., 3.9839e-06, 1.0380e-06,\n",
      "         5.2397e-09],\n",
      "        [3.8642e-04, 1.0000e+00, 8.2686e-06,  ..., 4.4064e-01, 1.5009e-02,\n",
      "         6.3137e-03],\n",
      "        [6.5353e-01, 8.2686e-06, 1.0000e+00,  ..., 4.1277e-08, 2.3301e-08,\n",
      "         4.1817e-11],\n",
      "        ...,\n",
      "        [3.9839e-06, 4.4064e-01, 4.1277e-08,  ..., 1.0000e+00, 8.7727e-02,\n",
      "         1.0710e-01],\n",
      "        [1.0380e-06, 1.5009e-02, 2.3301e-08,  ..., 8.7727e-02, 1.0000e+00,\n",
      "         4.9293e-01],\n",
      "        [5.2397e-09, 6.3137e-03, 4.1817e-11,  ..., 1.0710e-01, 4.9293e-01,\n",
      "         1.0000e+00]], grad_fn=<ExpBackward0>)\n",
      "tensor([[1.0000e+00, 6.4574e-04, 6.9871e-01,  ..., 4.9308e-06, 6.2016e-07,\n",
      "         2.4369e-09],\n",
      "        [6.4573e-04, 1.0000e+00, 1.9567e-05,  ..., 4.0491e-01, 1.2231e-02,\n",
      "         3.9294e-03],\n",
      "        [6.9871e-01, 1.9567e-05, 1.0000e+00,  ..., 6.6612e-08, 1.4217e-08,\n",
      "         2.0925e-11],\n",
      "        ...,\n",
      "        [4.9308e-06, 4.0491e-01, 6.6612e-08,  ..., 1.0000e+00, 8.7378e-02,\n",
      "         9.0663e-02],\n",
      "        [6.2016e-07, 1.2231e-02, 1.4217e-08,  ..., 8.7378e-02, 1.0000e+00,\n",
      "         4.8705e-01],\n",
      "        [2.4369e-09, 3.9294e-03, 2.0925e-11,  ..., 9.0663e-02, 4.8705e-01,\n",
      "         1.0000e+00]], grad_fn=<ExpBackward0>)\n",
      "Epoch:3, Loss: 6.533672955322265\n",
      "tensor([[1.0000e+00, 9.6705e-04, 7.0906e-01,  ..., 6.8638e-06, 3.9994e-07,\n",
      "         1.9925e-09],\n",
      "        [9.6705e-04, 1.0000e+00, 3.3302e-05,  ..., 3.7093e-01, 8.0614e-03,\n",
      "         2.5993e-03],\n",
      "        [7.0906e-01, 3.3302e-05, 1.0000e+00,  ..., 1.0430e-07, 9.4008e-09,\n",
      "         1.8267e-11],\n",
      "        ...,\n",
      "        [6.8638e-06, 3.7093e-01, 1.0430e-07,  ..., 1.0000e+00, 8.4199e-02,\n",
      "         8.5291e-02],\n",
      "        [3.9994e-07, 8.0614e-03, 9.4008e-09,  ..., 8.4199e-02, 1.0000e+00,\n",
      "         5.0763e-01],\n",
      "        [1.9925e-09, 2.5993e-03, 1.8267e-11,  ..., 8.5291e-02, 5.0763e-01,\n",
      "         1.0000e+00]], grad_fn=<ExpBackward0>)\n",
      "tensor([[1.0000e+00, 1.5704e-03, 6.9620e-01,  ..., 9.0749e-06, 3.4368e-07,\n",
      "         2.0982e-09],\n",
      "        [1.5704e-03, 1.0000e+00, 5.4290e-05,  ..., 3.4444e-01, 5.8194e-03,\n",
      "         1.8577e-03],\n",
      "        [6.9620e-01, 5.4290e-05, 1.0000e+00,  ..., 1.3255e-07, 7.9476e-09,\n",
      "         1.8697e-11],\n",
      "        ...,\n",
      "        [9.0749e-06, 3.4444e-01, 1.3255e-07,  ..., 1.0000e+00, 7.6647e-02,\n",
      "         7.9365e-02],\n",
      "        [3.4368e-07, 5.8194e-03, 7.9476e-09,  ..., 7.6647e-02, 1.0000e+00,\n",
      "         5.1432e-01],\n",
      "        [2.0982e-09, 1.8577e-03, 1.8697e-11,  ..., 7.9365e-02, 5.1432e-01,\n",
      "         1.0000e+00]], grad_fn=<ExpBackward0>)\n",
      "tensor([[1.0000e+00, 1.8258e-03, 6.9635e-01,  ..., 1.1656e-05, 4.0074e-07,\n",
      "         2.3968e-09],\n",
      "        [1.8258e-03, 1.0000e+00, 6.4542e-05,  ..., 3.7694e-01, 6.4224e-03,\n",
      "         1.8942e-03],\n",
      "        [6.9635e-01, 6.4542e-05, 1.0000e+00,  ..., 1.7003e-07, 8.9620e-09,\n",
      "         2.0766e-11],\n",
      "        ...,\n",
      "        [1.1656e-05, 3.7694e-01, 1.7003e-07,  ..., 1.0000e+00, 6.9605e-02,\n",
      "         6.7325e-02],\n",
      "        [4.0074e-07, 6.4224e-03, 8.9620e-09,  ..., 6.9605e-02, 1.0000e+00,\n",
      "         5.1533e-01],\n",
      "        [2.3968e-09, 1.8942e-03, 2.0766e-11,  ..., 6.7325e-02, 5.1533e-01,\n",
      "         1.0000e+00]], grad_fn=<ExpBackward0>)\n",
      "tensor([[1.0000e+00, 2.2183e-03, 7.0443e-01,  ..., 1.1129e-05, 3.6905e-07,\n",
      "         1.9244e-09],\n",
      "        [2.2183e-03, 1.0000e+00, 8.8456e-05,  ..., 3.5201e-01, 5.7745e-03,\n",
      "         1.4498e-03],\n",
      "        [7.0443e-01, 8.8456e-05, 1.0000e+00,  ..., 1.8110e-07, 9.9804e-09,\n",
      "         2.0356e-11],\n",
      "        ...,\n",
      "        [1.1129e-05, 3.5201e-01, 1.8110e-07,  ..., 1.0000e+00, 6.5147e-02,\n",
      "         6.0111e-02],\n",
      "        [3.6905e-07, 5.7745e-03, 9.9804e-09,  ..., 6.5147e-02, 1.0000e+00,\n",
      "         5.0631e-01],\n",
      "        [1.9244e-09, 1.4498e-03, 2.0356e-11,  ..., 6.0111e-02, 5.0631e-01,\n",
      "         1.0000e+00]], grad_fn=<ExpBackward0>)\n",
      "tensor([[1.0000e+00, 2.6174e-03, 7.2706e-01,  ..., 1.1563e-05, 2.6041e-07,\n",
      "         7.4574e-10],\n",
      "        [2.6174e-03, 1.0000e+00, 1.3344e-04,  ..., 3.2323e-01, 3.9933e-03,\n",
      "         5.7312e-04],\n",
      "        [7.2706e-01, 1.3344e-04, 1.0000e+00,  ..., 2.6450e-07, 1.1038e-08,\n",
      "         1.3055e-11],\n",
      "        ...,\n",
      "        [1.1563e-05, 3.2323e-01, 2.6450e-07,  ..., 1.0000e+00, 6.1693e-02,\n",
      "         3.8010e-02],\n",
      "        [2.6042e-07, 3.9933e-03, 1.1038e-08,  ..., 6.1693e-02, 1.0000e+00,\n",
      "         4.9106e-01],\n",
      "        [7.4574e-10, 5.7312e-04, 1.3055e-11,  ..., 3.8010e-02, 4.9106e-01,\n",
      "         1.0000e+00]], grad_fn=<ExpBackward0>)\n",
      "Epoch:4, Loss: 6.538794928131104\n",
      "tensor([[1.0000e+00, 2.8807e-03, 7.2777e-01,  ..., 1.3096e-05, 1.5638e-07,\n",
      "         3.7536e-10],\n",
      "        [2.8807e-03, 1.0000e+00, 1.5275e-04,  ..., 3.0739e-01, 2.2161e-03,\n",
      "         2.5108e-04],\n",
      "        [7.2777e-01, 1.5275e-04, 1.0000e+00,  ..., 3.1977e-07, 7.1169e-09,\n",
      "         7.0771e-12],\n",
      "        ...,\n",
      "        [1.3096e-05, 3.0739e-01, 3.1977e-07,  ..., 1.0000e+00, 4.8888e-02,\n",
      "         2.4843e-02],\n",
      "        [1.5638e-07, 2.2161e-03, 7.1169e-09,  ..., 4.8888e-02, 1.0000e+00,\n",
      "         4.8799e-01],\n",
      "        [3.7536e-10, 2.5108e-04, 7.0771e-12,  ..., 2.4843e-02, 4.8799e-01,\n",
      "         1.0000e+00]], grad_fn=<ExpBackward0>)\n",
      "tensor([[1.0000e+00, 3.9446e-03, 7.2234e-01,  ..., 2.2456e-05, 1.7171e-07,\n",
      "         4.2793e-10],\n",
      "        [3.9446e-03, 1.0000e+00, 2.1026e-04,  ..., 2.8098e-01, 7.5862e-04,\n",
      "         7.2489e-05],\n",
      "        [7.2234e-01, 2.1026e-04, 1.0000e+00,  ..., 5.0167e-07, 5.9566e-09,\n",
      "         5.9269e-12],\n",
      "        ...,\n",
      "        [2.2456e-05, 2.8098e-01, 5.0167e-07,  ..., 1.0000e+00, 2.8369e-02,\n",
      "         1.2742e-02],\n",
      "        [1.7171e-07, 7.5862e-04, 5.9566e-09,  ..., 2.8369e-02, 1.0000e+00,\n",
      "         4.9009e-01],\n",
      "        [4.2793e-10, 7.2489e-05, 5.9269e-12,  ..., 1.2742e-02, 4.9009e-01,\n",
      "         1.0000e+00]], grad_fn=<ExpBackward0>)\n",
      "tensor([[1.0000e+00, 4.2177e-03, 7.3247e-01,  ..., 3.5295e-05, 1.4015e-07,\n",
      "         6.1420e-10],\n",
      "        [4.2177e-03, 1.0000e+00, 2.4845e-04,  ..., 2.9456e-01, 2.0325e-04,\n",
      "         2.6393e-05],\n",
      "        [7.3247e-01, 2.4845e-04, 1.0000e+00,  ..., 1.0294e-06, 8.6869e-09,\n",
      "         1.6767e-11],\n",
      "        ...,\n",
      "        [3.5295e-05, 2.9456e-01, 1.0294e-06,  ..., 1.0000e+00, 1.0360e-02,\n",
      "         5.2973e-03],\n",
      "        [1.4015e-07, 2.0325e-04, 8.6869e-09,  ..., 1.0360e-02, 1.0000e+00,\n",
      "         5.3181e-01],\n",
      "        [6.1420e-10, 2.6393e-05, 1.6767e-11,  ..., 5.2973e-03, 5.3181e-01,\n",
      "         1.0000e+00]], grad_fn=<ExpBackward0>)\n",
      "tensor([[1.0000e+00, 3.8795e-03, 7.2725e-01,  ..., 5.7017e-05, 1.7072e-07,\n",
      "         1.7989e-09],\n",
      "        [3.8795e-03, 1.0000e+00, 2.1404e-04,  ..., 3.3167e-01, 4.8499e-05,\n",
      "         1.3409e-05],\n",
      "        [7.2725e-01, 2.1404e-04, 1.0000e+00,  ..., 1.6709e-06, 1.3358e-08,\n",
      "         6.3084e-11],\n",
      "        ...,\n",
      "        [5.7017e-05, 3.3167e-01, 1.6709e-06,  ..., 1.0000e+00, 2.7104e-03,\n",
      "         2.2692e-03],\n",
      "        [1.7072e-07, 4.8499e-05, 1.3358e-08,  ..., 2.7104e-03, 1.0000e+00,\n",
      "         5.7064e-01],\n",
      "        [1.7989e-09, 1.3409e-05, 6.3084e-11,  ..., 2.2692e-03, 5.7064e-01,\n",
      "         1.0000e+00]], grad_fn=<ExpBackward0>)\n",
      "tensor([[1.0000e+00, 3.0148e-03, 6.9514e-01,  ..., 7.7624e-05, 3.7885e-07,\n",
      "         6.6834e-09],\n",
      "        [3.0148e-03, 1.0000e+00, 1.2550e-04,  ..., 3.4006e-01, 1.5738e-05,\n",
      "         7.4305e-06],\n",
      "        [6.9514e-01, 1.2550e-04, 1.0000e+00,  ..., 2.0591e-06, 5.1707e-08,\n",
      "         4.0199e-10],\n",
      "        ...,\n",
      "        [7.7624e-05, 3.4006e-01, 2.0591e-06,  ..., 1.0000e+00, 1.1348e-03,\n",
      "         1.4121e-03],\n",
      "        [3.7885e-07, 1.5738e-05, 5.1707e-08,  ..., 1.1348e-03, 1.0000e+00,\n",
      "         5.7170e-01],\n",
      "        [6.6834e-09, 7.4305e-06, 4.0199e-10,  ..., 1.4121e-03, 5.7170e-01,\n",
      "         1.0000e+00]], grad_fn=<ExpBackward0>)\n",
      "Epoch:5, Loss: 6.546292577850342\n",
      "tensor([[1.0000e+00, 1.6903e-03, 6.7103e-01,  ..., 7.7713e-05, 1.4413e-06,\n",
      "         3.9880e-08],\n",
      "        [1.6903e-03, 1.0000e+00, 5.1339e-05,  ..., 3.2354e-01, 1.0373e-05,\n",
      "         9.0018e-06],\n",
      "        [6.7103e-01, 5.1339e-05, 1.0000e+00,  ..., 1.7208e-06, 2.3243e-07,\n",
      "         2.6955e-09],\n",
      "        ...,\n",
      "        [7.7713e-05, 3.2354e-01, 1.7208e-06,  ..., 1.0000e+00, 1.0333e-03,\n",
      "         2.0410e-03],\n",
      "        [1.4413e-06, 1.0373e-05, 2.3243e-07,  ..., 1.0333e-03, 1.0000e+00,\n",
      "         5.6889e-01],\n",
      "        [3.9880e-08, 9.0018e-06, 2.6955e-09,  ..., 2.0410e-03, 5.6889e-01,\n",
      "         1.0000e+00]], grad_fn=<ExpBackward0>)\n",
      "tensor([[1.0000e+00, 1.0553e-03, 6.5487e-01,  ..., 5.8456e-05, 5.1445e-06,\n",
      "         1.8240e-07],\n",
      "        [1.0553e-03, 1.0000e+00, 2.5631e-05,  ..., 3.6287e-01, 1.8395e-05,\n",
      "         2.4941e-05],\n",
      "        [6.5487e-01, 2.5631e-05, 1.0000e+00,  ..., 1.0335e-06, 8.2469e-07,\n",
      "         1.1632e-08],\n",
      "        ...,\n",
      "        [5.8456e-05, 3.6287e-01, 1.0335e-06,  ..., 1.0000e+00, 1.0320e-03,\n",
      "         2.9566e-03],\n",
      "        [5.1445e-06, 1.8395e-05, 8.2469e-07,  ..., 1.0320e-03, 1.0000e+00,\n",
      "         5.6204e-01],\n",
      "        [1.8240e-07, 2.4941e-05, 1.1632e-08,  ..., 2.9566e-03, 5.6204e-01,\n",
      "         1.0000e+00]], grad_fn=<ExpBackward0>)\n",
      "tensor([[1.0000e+00, 8.1727e-04, 6.1092e-01,  ..., 4.7696e-05, 1.3155e-05,\n",
      "         4.5408e-07],\n",
      "        [8.1727e-04, 1.0000e+00, 1.3633e-05,  ..., 3.8749e-01, 3.8103e-05,\n",
      "         5.4265e-05],\n",
      "        [6.1092e-01, 1.3633e-05, 1.0000e+00,  ..., 6.2432e-07, 2.4176e-06,\n",
      "         3.1693e-08],\n",
      "        ...,\n",
      "        [4.7696e-05, 3.8749e-01, 6.2432e-07,  ..., 1.0000e+00, 1.3774e-03,\n",
      "         4.2049e-03],\n",
      "        [1.3155e-05, 3.8103e-05, 2.4176e-06,  ..., 1.3774e-03, 1.0000e+00,\n",
      "         5.5362e-01],\n",
      "        [4.5408e-07, 5.4265e-05, 3.1693e-08,  ..., 4.2049e-03, 5.5362e-01,\n",
      "         1.0000e+00]], grad_fn=<ExpBackward0>)\n",
      "tensor([[1.0000e+00, 6.1542e-04, 5.8134e-01,  ..., 3.8554e-05, 2.5540e-05,\n",
      "         1.0948e-06],\n",
      "        [6.1542e-04, 1.0000e+00, 7.7745e-06,  ..., 3.9908e-01, 5.7465e-05,\n",
      "         1.2535e-04],\n",
      "        [5.8134e-01, 7.7745e-06, 1.0000e+00,  ..., 4.0213e-07, 4.9502e-06,\n",
      "         7.4213e-08],\n",
      "        ...,\n",
      "        [3.8554e-05, 3.9908e-01, 4.0213e-07,  ..., 1.0000e+00, 1.6459e-03,\n",
      "         7.0782e-03],\n",
      "        [2.5540e-05, 5.7465e-05, 4.9502e-06,  ..., 1.6459e-03, 1.0000e+00,\n",
      "         5.3961e-01],\n",
      "        [1.0948e-06, 1.2535e-04, 7.4213e-08,  ..., 7.0782e-03, 5.3961e-01,\n",
      "         1.0000e+00]], grad_fn=<ExpBackward0>)\n",
      "tensor([[1.0000e+00, 4.9663e-04, 5.9486e-01,  ..., 2.9360e-05, 4.8524e-05,\n",
      "         2.1053e-06],\n",
      "        [4.9663e-04, 1.0000e+00, 6.4015e-06,  ..., 4.3574e-01, 1.3442e-04,\n",
      "         3.4338e-04],\n",
      "        [5.9486e-01, 6.4015e-06, 1.0000e+00,  ..., 2.7118e-07, 6.3731e-06,\n",
      "         9.3679e-08],\n",
      "        ...,\n",
      "        [2.9360e-05, 4.3574e-01, 2.7118e-07,  ..., 1.0000e+00, 2.2549e-03,\n",
      "         1.1221e-02],\n",
      "        [4.8524e-05, 1.3442e-04, 6.3731e-06,  ..., 2.2549e-03, 1.0000e+00,\n",
      "         5.3025e-01],\n",
      "        [2.1053e-06, 3.4338e-04, 9.3679e-08,  ..., 1.1221e-02, 5.3025e-01,\n",
      "         1.0000e+00]], grad_fn=<ExpBackward0>)\n",
      "Epoch:6, Loss: 6.551485497686767\n",
      "tensor([[1.0000e+00, 6.4043e-04, 6.0259e-01,  ..., 2.9532e-05, 6.5450e-05,\n",
      "         2.8299e-06],\n",
      "        [6.4043e-04, 1.0000e+00, 9.3872e-06,  ..., 4.8274e-01, 3.9329e-04,\n",
      "         1.0410e-03],\n",
      "        [6.0259e-01, 9.3872e-06, 1.0000e+00,  ..., 2.7605e-07, 7.0065e-06,\n",
      "         1.0099e-07],\n",
      "        ...,\n",
      "        [2.9532e-05, 4.8274e-01, 2.7605e-07,  ..., 1.0000e+00, 3.4395e-03,\n",
      "         1.8160e-02],\n",
      "        [6.5450e-05, 3.9329e-04, 7.0065e-06,  ..., 3.4395e-03, 1.0000e+00,\n",
      "         5.2243e-01],\n",
      "        [2.8299e-06, 1.0410e-03, 1.0099e-07,  ..., 1.8160e-02, 5.2243e-01,\n",
      "         1.0000e+00]], grad_fn=<ExpBackward0>)\n",
      "tensor([[1.0000e+00, 6.7714e-04, 5.9675e-01,  ..., 2.9853e-05, 6.3771e-05,\n",
      "         3.0091e-06],\n",
      "        [6.7714e-04, 1.0000e+00, 9.6944e-06,  ..., 4.7359e-01, 3.8872e-04,\n",
      "         1.1637e-03],\n",
      "        [5.9675e-01, 9.6944e-06, 1.0000e+00,  ..., 2.7481e-07, 7.1111e-06,\n",
      "         1.1000e-07],\n",
      "        ...,\n",
      "        [2.9853e-05, 4.7359e-01, 2.7481e-07,  ..., 1.0000e+00, 3.5050e-03,\n",
      "         2.0578e-02],\n",
      "        [6.3771e-05, 3.8872e-04, 7.1111e-06,  ..., 3.5050e-03, 1.0000e+00,\n",
      "         5.2000e-01],\n",
      "        [3.0091e-06, 1.1637e-03, 1.1000e-07,  ..., 2.0578e-02, 5.2000e-01,\n",
      "         1.0000e+00]], grad_fn=<ExpBackward0>)\n",
      "tensor([[1.0000e+00, 6.0204e-04, 6.0981e-01,  ..., 2.4869e-05, 7.7502e-05,\n",
      "         3.6584e-06],\n",
      "        [6.0204e-04, 1.0000e+00, 9.2396e-06,  ..., 4.8655e-01, 4.6057e-04,\n",
      "         1.8975e-03],\n",
      "        [6.0981e-01, 9.2396e-06, 1.0000e+00,  ..., 2.3149e-07, 7.7143e-06,\n",
      "         1.1483e-07],\n",
      "        ...,\n",
      "        [2.4869e-05, 4.8655e-01, 2.3149e-07,  ..., 1.0000e+00, 3.3676e-03,\n",
      "         2.6786e-02],\n",
      "        [7.7502e-05, 4.6057e-04, 7.7143e-06,  ..., 3.3676e-03, 1.0000e+00,\n",
      "         4.8996e-01],\n",
      "        [3.6584e-06, 1.8975e-03, 1.1483e-07,  ..., 2.6786e-02, 4.8996e-01,\n",
      "         1.0000e+00]], grad_fn=<ExpBackward0>)\n",
      "tensor([[1.0000e+00, 5.3133e-04, 6.0857e-01,  ..., 1.7445e-05, 9.7206e-05,\n",
      "         4.1253e-06],\n",
      "        [5.3133e-04, 1.0000e+00, 7.8641e-06,  ..., 5.0186e-01, 6.0326e-04,\n",
      "         2.9936e-03],\n",
      "        [6.0857e-01, 7.8641e-06, 1.0000e+00,  ..., 1.4601e-07, 8.7707e-06,\n",
      "         1.1198e-07],\n",
      "        ...,\n",
      "        [1.7445e-05, 5.0186e-01, 1.4601e-07,  ..., 1.0000e+00, 2.9798e-03,\n",
      "         3.0469e-02],\n",
      "        [9.7206e-05, 6.0326e-04, 8.7707e-06,  ..., 2.9798e-03, 1.0000e+00,\n",
      "         4.5632e-01],\n",
      "        [4.1253e-06, 2.9936e-03, 1.1198e-07,  ..., 3.0470e-02, 4.5632e-01,\n",
      "         1.0000e+00]], grad_fn=<ExpBackward0>)\n",
      "tensor([[1.0000e+00, 4.7974e-04, 6.0773e-01,  ..., 1.2647e-05, 9.4737e-05,\n",
      "         3.7782e-06],\n",
      "        [4.7974e-04, 1.0000e+00, 6.9098e-06,  ..., 5.0601e-01, 5.5119e-04,\n",
      "         3.0810e-03],\n",
      "        [6.0773e-01, 6.9098e-06, 1.0000e+00,  ..., 9.7609e-08, 8.0390e-06,\n",
      "         9.4105e-08],\n",
      "        ...,\n",
      "        [1.2647e-05, 5.0601e-01, 9.7609e-08,  ..., 1.0000e+00, 2.0648e-03,\n",
      "         2.5802e-02],\n",
      "        [9.4737e-05, 5.5119e-04, 8.0390e-06,  ..., 2.0648e-03, 1.0000e+00,\n",
      "         4.3478e-01],\n",
      "        [3.7782e-06, 3.0810e-03, 9.4105e-08,  ..., 2.5802e-02, 4.3478e-01,\n",
      "         1.0000e+00]], grad_fn=<ExpBackward0>)\n",
      "Epoch:7, Loss: 6.549732963032227\n",
      "tensor([[1.0000e+00, 4.8297e-04, 5.9925e-01,  ..., 1.1168e-05, 9.7381e-05,\n",
      "         3.7462e-06],\n",
      "        [4.8297e-04, 1.0000e+00, 6.4806e-06,  ..., 5.0145e-01, 6.0507e-04,\n",
      "         3.3752e-03],\n",
      "        [5.9925e-01, 6.4806e-06, 1.0000e+00,  ..., 7.7944e-08, 7.9774e-06,\n",
      "         8.7827e-08],\n",
      "        ...,\n",
      "        [1.1168e-05, 5.0145e-01, 7.7944e-08,  ..., 1.0000e+00, 1.9897e-03,\n",
      "         2.5880e-02],\n",
      "        [9.7381e-05, 6.0507e-04, 7.9774e-06,  ..., 1.9897e-03, 1.0000e+00,\n",
      "         4.2871e-01],\n",
      "        [3.7462e-06, 3.3752e-03, 8.7827e-08,  ..., 2.5880e-02, 4.2871e-01,\n",
      "         1.0000e+00]], grad_fn=<ExpBackward0>)\n",
      "tensor([[1.0000e+00, 4.4762e-04, 5.8707e-01,  ..., 9.9659e-06, 1.0745e-04,\n",
      "         4.1945e-06],\n",
      "        [4.4762e-04, 1.0000e+00, 5.3565e-06,  ..., 5.0646e-01, 6.9608e-04,\n",
      "         4.3148e-03],\n",
      "        [5.8707e-01, 5.3565e-06, 1.0000e+00,  ..., 6.1517e-08, 8.4640e-06,\n",
      "         9.0675e-08],\n",
      "        ...,\n",
      "        [9.9659e-06, 5.0646e-01, 6.1517e-08,  ..., 1.0000e+00, 2.0389e-03,\n",
      "         2.9547e-02],\n",
      "        [1.0745e-04, 6.9608e-04, 8.4640e-06,  ..., 2.0389e-03, 1.0000e+00,\n",
      "         4.1720e-01],\n",
      "        [4.1945e-06, 4.3148e-03, 9.0675e-08,  ..., 2.9547e-02, 4.1720e-01,\n",
      "         1.0000e+00]], grad_fn=<ExpBackward0>)\n",
      "tensor([[1.0000e+00, 4.1975e-04, 5.8449e-01,  ..., 8.6004e-06, 1.2000e-04,\n",
      "         4.2907e-06],\n",
      "        [4.1975e-04, 1.0000e+00, 4.8959e-06,  ..., 5.0715e-01, 8.9129e-04,\n",
      "         5.3312e-03],\n",
      "        [5.8449e-01, 4.8959e-06, 1.0000e+00,  ..., 5.1177e-08, 9.1474e-06,\n",
      "         8.8801e-08],\n",
      "        ...,\n",
      "        [8.6004e-06, 5.0715e-01, 5.1177e-08,  ..., 1.0000e+00, 2.2977e-03,\n",
      "         3.3184e-02],\n",
      "        [1.2000e-04, 8.9129e-04, 9.1474e-06,  ..., 2.2977e-03, 1.0000e+00,\n",
      "         4.1220e-01],\n",
      "        [4.2907e-06, 5.3312e-03, 8.8801e-08,  ..., 3.3184e-02, 4.1220e-01,\n",
      "         1.0000e+00]], grad_fn=<ExpBackward0>)\n",
      "tensor([[1.0000e+00, 3.9193e-04, 5.8709e-01,  ..., 7.5269e-06, 1.3081e-04,\n",
      "         4.1590e-06],\n",
      "        [3.9193e-04, 1.0000e+00, 4.5978e-06,  ..., 5.0718e-01, 1.2727e-03,\n",
      "         6.7223e-03],\n",
      "        [5.8709e-01, 4.5978e-06, 1.0000e+00,  ..., 4.4761e-08, 9.4790e-06,\n",
      "         8.2685e-08],\n",
      "        ...,\n",
      "        [7.5269e-06, 5.0718e-01, 4.4761e-08,  ..., 1.0000e+00, 3.0218e-03,\n",
      "         3.9350e-02],\n",
      "        [1.3081e-04, 1.2727e-03, 9.4790e-06,  ..., 3.0218e-03, 1.0000e+00,\n",
      "         4.1675e-01],\n",
      "        [4.1590e-06, 6.7223e-03, 8.2685e-08,  ..., 3.9349e-02, 4.1675e-01,\n",
      "         1.0000e+00]], grad_fn=<ExpBackward0>)\n",
      "tensor([[1.0000e+00, 3.7222e-04, 5.8964e-01,  ..., 6.7469e-06, 1.3819e-04,\n",
      "         3.9902e-06],\n",
      "        [3.7222e-04, 1.0000e+00, 4.4110e-06,  ..., 5.0605e-01, 1.7090e-03,\n",
      "         8.1769e-03],\n",
      "        [5.8964e-01, 4.4110e-06, 1.0000e+00,  ..., 4.0261e-08, 9.6314e-06,\n",
      "         7.6768e-08],\n",
      "        ...,\n",
      "        [6.7468e-06, 5.0605e-01, 4.0261e-08,  ..., 1.0000e+00, 3.8457e-03,\n",
      "         4.6047e-02],\n",
      "        [1.3819e-04, 1.7090e-03, 9.6314e-06,  ..., 3.8457e-03, 1.0000e+00,\n",
      "         4.1974e-01],\n",
      "        [3.9902e-06, 8.1769e-03, 7.6769e-08,  ..., 4.6047e-02, 4.1974e-01,\n",
      "         1.0000e+00]], grad_fn=<ExpBackward0>)\n",
      "Epoch:8, Loss: 6.54840541676416\n",
      "tensor([[1.0000e+00, 3.5632e-04, 5.9141e-01,  ..., 6.1676e-06, 1.4262e-04,\n",
      "         3.8343e-06],\n",
      "        [3.5632e-04, 1.0000e+00, 4.2467e-06,  ..., 5.0527e-01, 2.1662e-03,\n",
      "         9.6339e-03],\n",
      "        [5.9141e-01, 4.2467e-06, 1.0000e+00,  ..., 3.6833e-08, 9.6341e-06,\n",
      "         7.1689e-08],\n",
      "        ...,\n",
      "        [6.1676e-06, 5.0527e-01, 3.6833e-08,  ..., 1.0000e+00, 4.6852e-03,\n",
      "         5.2615e-02],\n",
      "        [1.4262e-04, 2.1662e-03, 9.6341e-06,  ..., 4.6852e-03, 1.0000e+00,\n",
      "         4.2201e-01],\n",
      "        [3.8343e-06, 9.6339e-03, 7.1689e-08,  ..., 5.2615e-02, 4.2201e-01,\n",
      "         1.0000e+00]], grad_fn=<ExpBackward0>)\n",
      "tensor([[1.0000e+00, 3.3991e-04, 5.9086e-01,  ..., 5.6554e-06, 1.4610e-04,\n",
      "         3.6603e-06],\n",
      "        [3.3991e-04, 1.0000e+00, 4.0034e-06,  ..., 5.0486e-01, 2.7064e-03,\n",
      "         1.1189e-02],\n",
      "        [5.9086e-01, 4.0034e-06, 1.0000e+00,  ..., 3.3227e-08, 9.5280e-06,\n",
      "         6.5966e-08],\n",
      "        ...,\n",
      "        [5.6554e-06, 5.0486e-01, 3.3227e-08,  ..., 1.0000e+00, 5.6590e-03,\n",
      "         5.9519e-02],\n",
      "        [1.4610e-04, 2.7064e-03, 9.5280e-06,  ..., 5.6590e-03, 1.0000e+00,\n",
      "         4.2458e-01],\n",
      "        [3.6603e-06, 1.1189e-02, 6.5966e-08,  ..., 5.9519e-02, 4.2458e-01,\n",
      "         1.0000e+00]], grad_fn=<ExpBackward0>)\n",
      "tensor([[1.0000e+00, 3.2758e-04, 5.9049e-01,  ..., 5.2695e-06, 1.4824e-04,\n",
      "         3.5004e-06],\n",
      "        [3.2758e-04, 1.0000e+00, 3.8290e-06,  ..., 5.0455e-01, 3.2585e-03,\n",
      "         1.2591e-02],\n",
      "        [5.9049e-01, 3.8290e-06, 1.0000e+00,  ..., 3.0613e-08, 9.3953e-06,\n",
      "         6.1343e-08],\n",
      "        ...,\n",
      "        [5.2695e-06, 5.0455e-01, 3.0613e-08,  ..., 1.0000e+00, 6.6244e-03,\n",
      "         6.5576e-02],\n",
      "        [1.4824e-04, 3.2585e-03, 9.3953e-06,  ..., 6.6244e-03, 1.0000e+00,\n",
      "         4.2748e-01],\n",
      "        [3.5004e-06, 1.2591e-02, 6.1343e-08,  ..., 6.5576e-02, 4.2748e-01,\n",
      "         1.0000e+00]], grad_fn=<ExpBackward0>)\n",
      "tensor([[1.0000e+00, 3.0981e-04, 5.9050e-01,  ..., 4.4158e-06, 1.4852e-04,\n",
      "         3.1359e-06],\n",
      "        [3.0981e-04, 1.0000e+00, 3.5623e-06,  ..., 5.0030e-01, 4.0083e-03,\n",
      "         1.3811e-02],\n",
